0.1638888888888889
0.18333333333333335
0.18055555555555555
0.20833333333333334
0.24166666666666667
0.2138888888888889
0.2777777777777778
0.2527777777777778
0.25
0.2611111111111111
0.2722222222222222
0.26944444444444443
0.27222222222222225
0.26944444444444443
0.2861111111111111
0.28611111111111115
0.28611111111111115
0.2972222222222222
0.3
0.3055555555555556
0.31111111111111117
0.30833333333333335
0.30277777777777776
0.3111111111111111
0.31388888888888894
0.31388888888888894
0.3138888888888889
0.31666666666666665
0.3138888888888889
0.31111111111111106
0.3194444444444445
0.3277777777777778
0.32222222222222224
0.32499999999999996
0.32222222222222213
0.3361111111111111
0.31388888888888883
0.33055555555555555
0.32500000000000007
0.32222222222222224
0.3194444444444445
0.33055555555555555
0.3333333333333333
0.3194444444444445
0.3194444444444445
0.3194444444444445
0.3222222222222222
0.31666666666666665
0.3138888888888889
0.31388888888888894
0.3194444444444444
0.31111111111111117
0.31388888888888894
0.325
0.3277777777777777
0.32222222222222224
0.3222222222222222
0.3194444444444444
0.325
0.3166666666666667
0.32222222222222224
0.31666666666666665
0.33888888888888885
0.32222222222222224
0.325
0.3222222222222222
0.325
0.3277777777777778
0.31666666666666665
0.3194444444444445
0.3194444444444444
0.32222222222222224
0.3333333333333333
0.32222222222222224
0.32222222222222224
0.3194444444444444
0.3138888888888889
0.3194444444444444
0.3194444444444445
0.325
0.3222222222222222
0.3194444444444445
0.3194444444444445
0.3194444444444444
0.3083333333333334
0.3083333333333333
0.325
0.3055555555555555
0.3194444444444445
0.325
0.32222222222222224
0.3333333333333333
0.3277777777777778
0.3277777777777778
0.3166666666666667
0.3194444444444444
0.31666666666666665
0.31666666666666665
0.32499999999999996
0.3138888888888889
0.32222222222222224
0.3166666666666667
0.3222222222222222
0.3083333333333333
0.3222222222222222
0.3222222222222222
0.31666666666666665
0.31111111111111106
0.31111111111111117
0.31111111111111106
0.32499999999999996
0.3138888888888889
0.3083333333333333
0.31388888888888883
0.31111111111111106
0.3055555555555556
0.3
0.3111111111111111
0.3
0.3138888888888889
0.3055555555555555
0.31111111111111117
0.31388888888888883
0.3055555555555555
0.31388888888888883
0.3055555555555555
0.3
0.3055555555555555
0.31111111111111106
0.3055555555555556
0.31111111111111117
0.3083333333333333
0.3111111111111111
0.3166666666666667
0.31388888888888894
0.30277777777777776
0.31388888888888883
0.31388888888888894
0.3055555555555556
0.3055555555555555
0.31666666666666665
0.31388888888888883
0.3166666666666667
0.30833333333333335
0.3194444444444444
0.3055555555555555
0.30833333333333335
0.3111111111111111
0.3138888888888889
0.3138888888888889
0.32222222222222224
0.3055555555555555
0.3111111111111111
0.3138888888888889
0.3194444444444444
0.31388888888888883
0.31388888888888883
0.3138888888888889
0.3194444444444444
0.31388888888888883
0.30833333333333335
0.3138888888888889
0.31666666666666665
0.3194444444444445
0.31666666666666665
0.31111111111111106
0.31666666666666665
0.325
0.3055555555555556
0.31111111111111106
0.30833333333333335
0.3111111111111111
0.31666666666666665
0.3055555555555556
0.3194444444444444
0.30277777777777776
0.3083333333333333
0.3055555555555556
0.3194444444444444
0.3083333333333333
0.3138888888888889
0.3083333333333333
0.3194444444444445
0.3083333333333333
0.31666666666666665
0.3166666666666667
0.31666666666666665
0.3111111111111111
0.3083333333333333
0.3166666666666667
0.3111111111111111
0.31388888888888883
0.3111111111111111
0.31111111111111106
0.3083333333333333
0.3111111111111111
0.3055555555555556
0.31388888888888883
0.31388888888888894
0.3194444444444444
0.3194444444444445
0.3083333333333334
0.3138888888888889
0.31111111111111117
0.30833333333333335
0.3111111111111111
0.31111111111111106
0.3055555555555555
0.3138888888888889
0.3111111111111111
0.3055555555555556
0.31111111111111117
0.30833333333333335
0.3111111111111111
0.31666666666666665
0.3138888888888889
0.31666666666666665
0.3138888888888889
0.31666666666666665
0.3194444444444445
0.3166666666666666
0.3194444444444445
0.3111111111111111
0.31111111111111106
0.30833333333333335
0.30277777777777776
0.3111111111111111
0.3194444444444444
0.3138888888888889
0.31666666666666665
0.3194444444444444
0.3111111111111111
0.30833333333333335
0.3138888888888889
0.31388888888888883
0.31666666666666665
0.3166666666666666
0.3138888888888889
0.31666666666666665
0.31666666666666665
0.3055555555555556
0.3055555555555555
0.30277777777777776
0.3055555555555555
0.3027777777777778
0.3083333333333333
0.31111111111111106
0.29999999999999993
0.3055555555555555
0.3
0.3
0.2972222222222222
0.30277777777777776
0.3055555555555556
0.3027777777777777
0.29444444444444445
0.3027777777777778
0.2944444444444444
0.3
0.30277777777777776
0.30000000000000004
0.3027777777777778
0.2972222222222222
